a <- 4
n <- 30
seed <- 1948
n_samples <- 1000

