n <- 23
seed <- 1950
r <- 300
m <- 170

